0.223138
0.0535994
0.046571
0.042368
0.0334992
0.0351572
0.0269844
0.0287622
0.025981
0.0235791
0.0212868
0.019359
0.0169346
0.0160619
0.0120229
0.0129095
0.0107307
0.0115268
0.0100524
0.0108129
0.0105607
0.0104201
0.0102599
0.0101807
0.0100633
0.010007
0.00989977
0.00903415
0.00973194
0.00886528
0.0102374
0.00993242
0.00962211
0.00939842
0.00915408
0.00897449
0.00876618
0.00788644
0.00842823
0.00761636
0.00812395
0.0073681
0.00784475
0.00769799
0.00759058
0.00745559
0.00735802
0.0072345
0.00714544
0.00703191
0.00648039
0.0068483
0.00633383
0.00668435
0.00659582
0.00653512
0.00645165
0.00639931
0.0063293
0.00628648
0.00622425
0.00583882
0.00613189
0.00574566
0.00603003
0.00566477
0.0059425
0.00588298
0.00584925
0.00579464
0.00576564
0.00571193
0.00568245
0.00563952
0.00531838
0.00557678
0.00524843
0.00550475
0.00546545
0.00545402
0.00542564
0.00541783
0.00539278
0.00538774
0.00536715
0.00509558
0.00534945
0.00508301
0.00533725
0.00532172
0.00532623
0.00531157
0.00531685
0.00530294
0.00530835
0.00529482
0.00502926
0.0052853
0.00501765
0.00527399
0.00500566
0.0052623
0.00524743
0.00525138
0.00523521
0.00523857
0.00522388
0.00522856
0.00521448
0.00494998
0.00520582
0.00494245
0.00519822
0.00518612
0.00519356
0.00518188
0.00518895
0.00517644
0.00518153
0.00516691
0.00490066
0.00515311
0.00488691
0.00513851
0.00539651
0.00533381
0.00529896
0.00525174
0.00522934
0.00519308
0.00517971
0.00515124
0.00487119
0.00512227
0.00485354
0.00510339
0.00508789
0.00509249
0.00507991
0.00508706
0.00507672
0.0050853
0.00507596
0.00482743
0.00507709
0.0048287
0.00507883
0.00507072
0.00508133
0.00507309
0.00508343
0.00507541
0.00508532
0.00507686
0.00482629
0.00507751
0.0048264
0.00507786
0.00482594
0.00507754
0.00506814
0.00507734
0.00506759
0.00507659
0.00506722
0.00507617
0.00506656
0.00481487
0.00506559
0.00481385
0.00531805
0.00528299
0.00523478
0.00521223
0.00517553
0.00516194
0.00513313
0.00485036
0.00510337
0.00483174
0.00508286
0.00481915
0.00506931
0.00505573
0.00506176
0.00532243
0.00526672
0.00523796
0.00519603
0.00489057
0.00514682
0.00486009
0.00511355
0.00509207
0.00509165
0.00507441
0.00507746
0.00506385
0.00506977
0.00505815
0.00480668
0.00505574
0.00480628
0.00505538
0.00480695
0.00505628
0.00504807
0.00505869
0.00505115
0.00506173
0.00505397
0.0050645
0.00505642
0.00480878
0.0050586
0.0048103
0.00506023
0.00505183
0.00506196
0.00505338
0.00506331
0.00505493
0.00506469
0.00505589
0.00480693
0.00505646
0.00480721
0.00505667
0.00504772
0.00505745
0.00504856
0.00505829
0.0053218
0.00517402
0.00545639
0.00504807
0.005318
0.00496255
0.00522417
0.00518015
0.00516162
0.0051293
0.00512031
0.00509663
0.00509455
0.00507648
0.00481666
0.00506529
0.00481161
0.00506015
0.00504997
0.00505895
0.00505007
0.00531212
0.00527913
0.00523337
0.00491858
0.00517754
0.00488249
0.00513821
0.00485724
0.0051108
0.00509129
0.00509242
0.0050769
0.00508081
0.00506743
0.00507334
0.00506123
0.00480738
0.00505735
0.00480468
0.00505465
0.00504456
0.0050531
0.00504302
0.00530459
0.00526914
0.00522072
0.00490104
0.00515995
0.00486131
0.00511653
0.00483296
0.00508566
0.00506483
0.0050649
0.00504787
0.00505098
0.0050371
0.00504251
0.00503009
0.0047774
0.00502569
0.00477466
0.00502299
0.00501308
0.00502203
0.0050126
0.00502181
0.00501311
0.00502248
0.00501355
0.00476526
0.00501368
0.0047648
0.0050133
0.0047641
0.00501268
0.00500331
0.00501248
0.00500365
0.00501262
0.00500347
0.00501241
0.00500288
0.00475365
0.00500194
0.0047526
0.00500087
0.00499128
0.00500038
0.00499094
0.0052514
0.00521696
0.00516966
0.00485362
0.00511099
0.00481568
0.00506946
0.00478934
0.00504057
0.00502092
0.00502202
0.0050067
0.00501074
0.00499779
0.00500423
0.00499303
0.00474327
0.00499094
0.00474272
0.00499042
0.00498174
0.00499173
0.00498339
0.00499363
0.00498577
0.00499597
0.00498776
0.00524983
0.00490595
0.00543518
0.00536157
0.00528202
0.00523503
0.00517861
0.00514953
0.00510833
0.00480856
0.00506138
0.00478058
0.00503101
0.00476326
0.0050122
0.00499713
0.00500235
0.00499095
0.00499864
0.00498897
0.00499815
0.00498942
0.00474302
0.00499121
0.00474485
0.00499348
0.00498568
0.00499636
0.00498844
0.00499893
0.00499124
0.00500142
0.00499302
0.00474467
0.00494395
0.0052115
0.00487996
0.00514131
0.00510473
0.00509159
0.00506359
0.00505704
0.00503465
0.00503315
0.00501495
0.00475265
0.00500193
0.00474519
0.00524539
0.00520846
0.0051594
0.00513646
0.00510015
0.0050872
0.00505938
0.0047806
0.00503208
0.00476437
0.00501436
0.00475439
0.00500361
0.00499125
0.0049984
0.00498837
0.00499698
0.00498779
0.00499722
0.00498848
0.00474112
0.00498983
0.00474233
0.00499124
0.0049829
0.00499316
0.00498481
0.00499486
0.00498664
0.00499654
0.00498798
0.00473981
0.00498885
0.00474013
0.00498912
0.00473998
0.00524091
0.00520673
0.00515994
0.00540181
0.00533371
0.00514691
0.00543131
0.00563195
0.0054865
0.0053908
0.00529623
0.00550809
0.00540902
0.00531237
0.00492836
0.00518995
0.0048584
0.00511382
0.00507877
0.00506878
0.00504496
0.0050439
0.00502797
0.00503281
0.00502126
0.00477125
0.00502064
0.00477324
0.00502333
0.00477653
0.00502728
0.0050203
0.00503191
0.00502517
0.0050363
0.00502866
0.0050392
0.00503062
0.00477914
0.00503101
0.00477815
0.00502995
0.00501992
0.00502842
0.00501798
0.00502615
0.00501589
0.00502384
0.00501306
0.0047598
0.00500992
0.00475685
0.0050066
0.00475394
0.00500336
0.00499294
0.00500123
0.00499168
0.00500019
0.00499064
0.00499943
0.00498987
0.00474118
0.00498926
0.00474086
0.00498888
0.00497988
0.00498946
0.00498048
0.00524115
0.00520746
0.00516091
0.00484659
0.00510357
0.00480973
0.00506303
0.00478428
0.00503514
0.005016
0.00501757
0.00500282
0.00500756
0.0049953
0.00500225
0.00499164
0.00474317
0.00499063
0.00474363
0.00499119
0.00498305
0.00499361
0.00498577
0.00499652
0.004989
0.00499944
0.00499139
0.00474529
0.00499331
0.0047466
0.00499489
0.00498657
0.00499661
0.00498809
0.00499798
0.00498975
0.00499953
0.0049909
0.0047434
0.00499134
0.00474306
0.00499101
0.00474197
0.00498976
0.00498031
0.00498936
0.00498052
0.00498956
0.00498061
0.00498976
0.0049806
0.00473345
0.00498074
0.00473359
0.00498091
0.00497209
0.00498169
0.00497292
0.00498264
0.00497428
0.00498401
0.00497538
0.00472932
0.00497628
0.00472993
0.00497705
0.00496844
0.00497823
