0.0227833483 0.00491012214 -0.000323051645 -0.00306650833 0.00800254941 0.00539047737 0.99994874
0.0251369979 0.00560391974 -0.000343379041 -0.00379682053 0.0104421033 0.00671570143 0.999915719
0.0272675585 0.00771387341 -0.000476476445 -0.00189486414 0.0134281851 0.00693390286 0.999884009
0.0303127803 0.00748453056 0.00112813408 -0.0031137953 0.0191382375 0.000322919892 0.999811947
0.0313177481 0.00867151842 0.0042814929 -0.0155812968 0.0334744565 -0.0067542363 0.999295294
0.041592218 0.0133094136 0.010456726 -0.0312009268 0.0450488552 -0.0109920716 0.998436928
0.0503657423 0.0222825669 0.0208661705 -0.0609372966 0.0642135367 -0.0131731005 0.995986819
0.0632891804 0.0306250062 0.0332385711 -0.0979948267 0.0778920203 -0.0139768338 0.992035508
0.0769671127 0.0433929712 0.046384979 -0.133759171 0.0825005397 -0.00905898213 0.987532318
0.0886483416 0.0540086925 0.0597509071 -0.166542336 0.0901397839 -0.00916452985 0.981862724
0.0964429528 0.0593923703 0.0722135603 -0.200251669 0.0980145335 -0.0118681788 0.974757195
0.101340175 0.0629099235 0.0784784779 -0.222869843 0.0974080488 -0.0154138999 0.969846964
0.105664581 0.0678865165 0.0862984359 -0.239860445 0.102517761 -0.0210621059 0.965149462
0.112555906 0.0730250552 0.0930916518 -0.248469874 0.110669546 -0.0243209917 0.961989343
0.119312853 0.0786183029 0.0971490145 -0.256066829 0.119809516 -0.0251015965 0.958877146
0.126354158 0.0843289644 0.100376531 -0.268770784 0.123591751 -0.0194527786 0.955043912
0.136024669 0.0926087499 0.101868823 -0.280243367 0.118488088 -0.0129263094 0.952500463
0.147280604 0.101539373 0.105241425 -0.292241305 0.110511512 -0.00229186844 0.949935257
0.153978795 0.110454626 0.110731006 -0.299004793 0.108573593 0.0138753755 0.947953224
0.157083049 0.115654029 0.119526111 -0.306078047 0.110304944 0.0198298078 0.945386589
0.155985579 0.121608749 0.130884737 -0.307903141 0.0944231674 0.0159161501 0.946586788
0.146415949 0.121357657 0.144621924 -0.314034522 0.0703857541 0.00614978746 0.946778893
0.133231163 0.119946674 0.157673165 -0.324160784 0.0480185263 -0.00836352631 0.944745541
0.118731067 0.116496086 0.170954987 -0.330604941 0.0223609954 -0.0200972836 0.943290234
0.100800969 0.110538453 0.181897432 -0.334694147 0.00120764738 -0.0353605077 0.941662371
0.0798732564 0.103052594 0.190220386 -0.330206931 -0.0133136194 -0.0527786352 0.942337811
0.0600965358 0.0962013006 0.194730386 -0.330714256 -0.0221393593 -0.0726828501 0.940667391
0.0428513736 0.0883022472 0.196126103 -0.331913859 -0.0346803404 -0.0914285332 0.938227713
0.0318311527 0.0834503174 0.193353578 -0.33071807 -0.0451231673 -0.103359468 0.936966538
0.0287118368 0.0789241791 0.188754246 -0.331253886 -0.0499560907 -0.106387891 0.936192751
0.0304209497 0.0749387443 0.180181056 -0.330003947 -0.0495383404 -0.103606403 0.936968029
0.0394025743 0.0729051232 0.16912812 -0.326111883 -0.0484386832 -0.0886387676 0.939919114
0.0509923324 0.073085092 0.156421036 -0.322566599 -0.0361756757 -0.0794108659 0.94251579
0.0672639459 0.0732797831 0.142036408 -0.314432114 -0.019288484 -0.0616799146 0.947077572
0.0851811618 0.0758213624 0.128565013 -0.306742996 0.00812394172 -0.0407726131 0.950883985
0.103325367 0.0817624331 0.116267845 -0.297973216 0.033349026 -0.018812187 0.953806043
0.121305451 0.0890220851 0.108578004 -0.296775341 0.0567011721 0.00408499641 0.953253746
0.137383342 0.0978025496 0.105804607 -0.301667958 0.0693128854 0.0264305174 0.95052278
0.147839949 0.107024677 0.10830877 -0.316303045 0.0627369955 0.0436030142 0.945576668
0.151211932 0.114257775 0.115761898 -0.327068388 0.0499484725 0.0506952107 0.942317009
0.150298804 0.116882749 0.124542341 -0.331466377 0.0432957672 0.0444897711 0.941422403
0.141682714 0.116392575 0.135158971 -0.333355904 0.0312796868 0.0280448645 0.94186461
0.131590068 0.114792347 0.146438569 -0.336209744 0.0107971206 0.0160225946 0.941588938
0.117762022 0.11204499 0.15774557 -0.339586854 -0.00629456155 0.00498114433 0.940540493
0.10279341 0.107650861 0.167972565 -0.342889518 -0.0277134962 -0.0101131173 0.938912392
0.0859574825 0.0989946872 0.173892766 -0.342982322 -0.0472895429 -0.0235640295 0.937854767
0.067217201 0.0889589339 0.175895125 -0.334017783 -0.0578349531 -0.0447141603 0.939727545
0.0492522828 0.0784910843 0.173773661 -0.31912604 -0.0625395849 -0.067163758 0.943258405
0.030320853 0.0669626445 0.169610858 -0.305675149 -0.0637205392 -0.089464061 0.945779383
0.0141040524 0.0573536977 0.163169533 -0.28974238 -0.0593780503 -0.107327521 0.949212551
0.00404753583 0.0488822833 0.153429836 -0.273298889 -0.0519594364 -0.120421067 0.952946305
-0.00193525455 0.0428428054 0.142992139 -0.262745857 -0.0432843529 -0.129874319 0.955104053
-0.0015293078 0.0386543833 0.131873816 -0.256381124 -0.0389619283 -0.132303685 0.956685126
0.00374753959 0.0344606899 0.121557117 -0.249618948 -0.0284903608 -0.125434712 0.959762931
0.010669386 0.0341897756 0.111592233 -0.239104614 -0.014622693 -0.119274087 0.963529348
