1000006525.61 0.162383 4.76999 1.10062 0.671612 -0.629317 -0.290756 -0.261453
1000006525.68 0.147735 3.52511 0.436821 0.671952 -0.628967 -0.291347 -0.260762
1000006525.75 0.252982 3.40124 0.0778704 0.672136 -0.629368 -0.290727 -0.260013
1000006525.81 0.317466 3.29666 -0.124436 0.672089 -0.629966 -0.289606 -0.259937
1000006525.88 0.380377 3.42879 -0.308129 0.672488 -0.629065 -0.291944 -0.258468
1000006525.95 0.40689 3.49525 -0.437582 0.672568 -0.628508 -0.293563 -0.257781
1000006526.03 0.411873 3.5598 -0.546589 0.672259 -0.628452 -0.294274 -0.257913
1000006526.08 0.365893 3.24583 -0.535594 0.672116 -0.628373 -0.29479 -0.257888
1000006526.15 0.351017 3.17515 -0.590536 0.671814 -0.627927 -0.296389 -0.257927
1000006526.2 0.317877 2.9242 -0.581255 0.671446 -0.62768 -0.297426 -0.258294
1000006526.27 0.307119 2.84039 -0.626281 0.670749 -0.627651 -0.298228 -0.259249
1000006526.34 0.296482 2.7418 -0.667214 0.670395 -0.627522 -0.29914 -0.259427
1000006526.41 0.287115 2.64256 -0.708519 0.669971 -0.627206 -0.300504 -0.259709
1000006526.48 0.279966 2.544 -0.749917 0.669837 -0.627285 -0.300853 -0.25946
1000006526.54 0.269664 2.39093 -0.761231 0.669607 -0.627181 -0.301504 -0.259551
1000006526.61 0.268298 2.32017 -0.811551 0.669312 -0.627126 -0.302148 -0.259694
1000006526.68 0.268097 2.26039 -0.865282 0.668978 -0.62722 -0.302532 -0.25988
1000006526.74 0.265216 2.15622 -0.88722 0.668683 -0.627194 -0.303079 -0.260065
1000006526.81 0.26911 2.12397 -0.949834 0.668325 -0.627071 -0.303934 -0.260286
1000006526.88 0.273781 2.10115 -1.01581 0.667643 -0.626981 -0.304837 -0.261194
1000006526.94 0.27513 2.03447 -1.04606 0.667278 -0.627205 -0.304854 -0.261567
1000006527.01 0.28186 2.03194 -1.11842 0.66704 -0.62732 -0.305029 -0.261697
1000006527.08 0.288285 2.03528 -1.19218 0.666614 -0.627247 -0.305715 -0.262155
1000006527.14 0.29107 1.9948 -1.22708 0.666483 -0.627451 -0.305629 -0.262099
1000006527.21 0.297826 2.01291 -1.30639 0.666313 -0.627899 -0.305132 -0.262038
1000006527.28 0.304405 2.03543 -1.38727 0.666173 -0.628237 -0.304825 -0.26194
1000006527.34 0.308198 2.01067 -1.42298 0.666193 -0.6285 -0.304437 -0.261712
1000006527.41 0.315396 2.04066 -1.5032 0.666096 -0.628598 -0.304504 -0.261644
1000006527.48 0.322546 2.0715 -1.5819 0.665577 -0.628617 -0.304953 -0.262398
1000006527.55 0.329556 2.10323 -1.65938 0.66533 -0.628657 -0.305215 -0.262624
1000006527.61 0.333654 2.08622 -1.68847 0.665756 -0.628726 -0.305033 -0.261587
1000006527.68 0.340537 2.11615 -1.76051 0.666356 -0.628455 -0.305369 -0.260315
1000006527.75 0.34604 2.14336 -1.82799 0.666555 -0.628146 -0.305994 -0.259818
1000006527.81 0.348372 2.1223 -1.84552 0.666411 -0.62818 -0.305989 -0.260109
1000006527.88 0.350942 2.14548 -1.9052 0.666413 -0.628388 -0.305604 -0.260053
1000006527.95 0.350923 2.15974 -1.95421 0.666656 -0.628472 -0.305389 -0.259481
1000006528.02 0.34959 2.16952 -1.99728 0.66658 -0.6284 -0.305605 -0.259596
1000006528.08 0.346411 2.13314 -1.99036 0.666641 -0.628418 -0.3055 -0.25952
1000006528.15 0.342987 2.13804 -2.02393 0.666459 -0.628167 -0.306128 -0.259854
1000006528.21 0.338386 2.0948 -2.00546 0.66644 -0.628132 -0.306161 -0.259949
1000006528.28 0.333884 2.08897 -2.02487 0.666488 -0.62817 -0.306054 -0.259859
1000006528.35 0.329044 2.07602 -2.03559 0.666929 -0.628551 -0.305055 -0.258981
1000006528.41 0.324148 2.01777 -1.99639 0.667326 -0.628831 -0.304232 -0.258244
1000006528.47 0.319146 1.9937 -1.99266 0.667414 -0.628886 -0.304046 -0.258103
1000006528.55 0.313458 1.98926 -2.0097 0.667523 -0.628956 -0.303834 -0.2579
1000006528.61 0.309289 1.91514 -1.94946 0.667547 -0.628885 -0.303859 -0.257979
1000006528.67 0.305528 1.84276 -1.88999 0.667531 -0.628756 -0.304032 -0.258133
1000006528.74 0.301241 1.79927 -1.86159 0.667611 -0.628765 -0.303895 -0.258067
1000006528.81 0.297282 1.75035 -1.82639 0.667527 -0.62865 -0.304094 -0.25833
1000006528.87 0.294764 1.67052 -1.75546 0.667481 -0.628543 -0.304234 -0.258544
1000006528.94 0.291447 1.61638 -1.71281 0.667196 -0.628255 -0.30488 -0.259218
1000006529.01 0.288511 1.55865 -1.66526 0.667 -0.628017 -0.305353 -0.259741
1000006529.07 0.287325 1.47589 -1.58809 0.66686 -0.627785 -0.305748 -0.260196
1000006529.14 0.285303 1.41569 -1.53617 0.66685 -0.627673 -0.305864 -0.260354
1000006529.21 0.28356 1.35344 -1.48153 0.666637 -0.627351 -0.306466 -0.260967
1000006529.27 0.283403 1.27175 -1.40309 0.666603 -0.627164 -0.306676 -0.261259
1000006529.34 0.282247 1.21016 -1.34763 0.666559 -0.626989 -0.306908 -0.261518
1000006529.41 0.281442 1.14787 -1.29089 0.666448 -0.626739 -0.307309 -0.261929
1000006529.47 0.282256 1.07104 -1.21546 0.666181 -0.626351 -0.308035 -0.262683
1000006529.54 0.2819 1.01043 -1.15922 0.666029 -0.626079 -0.308495 -0.263176
1000006529.61 0.281879 0.950285 -1.10302 0.666022 -0.625953 -0.308594 -0.263376
1000006529.68 0.282038 0.890987 -1.0471 0.665851 -0.625649 -0.309122 -0.263912
1000006529.74 0.283571 0.822934 -0.978728 0.665902 -0.625513 -0.309176 -0.26404
1000006529.81 0.284093 0.767076 -0.92564 0.665765 -0.625247 -0.309597 -0.264523
1000006529.88 0.284765 0.712488 -0.873562 0.665711 -0.625033 -0.309857 -0.264861
1000006529.94 0.286753 0.65247 -0.812692 0.665731 -0.624872 -0.309964 -0.265065
1000006530.02 0.286708 0.60672 -0.771804 0.665631 -0.624666 -0.310242 -0.265478
1000006530.08 0.288997 0.550682 -0.713907 0.665505 -0.624398 -0.31063 -0.265968
1000006530.15 0.290328 0.502801 -0.667286 0.66547 -0.624182 -0.310882 -0.266267
1000006530.22 0.291708 0.456813 -0.622384 0.665346 -0.623923 -0.311253 -0.26675
1000006530.28 0.293994 0.409599 -0.572952 0.665331 -0.623729 -0.311448 -0.267017
1000006530.35 0.29536 0.367975 -0.532068 0.665329 -0.623598 -0.311542 -0.267216
1000006530.42 0.296897 0.328361 -0.493545 0.665332 -0.623407 -0.311699 -0.267472
1000006530.49 0.298366 0.290612 -0.457018 0.665233 -0.623192 -0.311996 -0.267872
1000006530.55 0.300689 0.253744 -0.417971 0.665384 -0.623134 -0.311838 -0.267816
1000006530.62 0.302257 0.220096 -0.384573 0.665383 -0.622974 -0.311958 -0.26805
1000006530.69 0.30392 0.188153 -0.352388 0.665011 -0.622462 -0.312918 -0.269042
1000006530.75 0.306142 0.158175 -0.31951 0.664885 -0.622159 -0.313354 -0.269549
1000006530.82 0.307689 0.129942 -0.291264 0.665208 -0.622238 -0.312834 -0.269172
1000006530.89 0.310262 0.103368 -0.265084 0.665375 -0.622385 -0.312265 -0.26908
1000006530.95 0.315408 0.0797529 -0.239225 0.665216 -0.622389 -0.312175 -0.269569
1000006531.02 0.322232 0.057042 -0.216745 0.664928 -0.622134 -0.312627 -0.270341
1000006531.09 0.330508 0.0358078 -0.195443 0.664739 -0.622004 -0.31283 -0.270872
1000006531.17 0.342451 0.0132426 -0.174416 0.662832 -0.623897 -0.309584 -0.274888
1000006531.26 0.356579 -0.009204 -0.154037 0.662661 -0.6231 -0.31109 -0.275408
1000006531.31 0.369395 -0.0230167 -0.133418 0.662986 -0.622396 -0.312246 -0.274909
1000006531.38 0.382551 -0.039047 -0.115553 0.663022 -0.622665 -0.311557 -0.274995
1000006531.45 0.396147 -0.0538674 -0.099181 0.663022 -0.622941 -0.310877 -0.275139
1000006531.52 0.410082 -0.0676367 -0.0842469 0.663099 -0.622826 -0.310974 -0.275106
1000006531.58 0.423898 -0.0777245 -0.070837 0.663074 -0.622834 -0.310879 -0.275253
1000006531.65 0.438479 -0.0888619 -0.0586568 0.662977 -0.623044 -0.310406 -0.275547
1000006531.72 0.453441 -0.0987136 -0.0476953 0.662902 -0.622947 -0.310628 -0.275696
1000006531.78 0.468002 -0.105524 -0.0377893 0.662904 -0.62291 -0.310639 -0.275762
1000006531.85 0.483447 -0.113636 -0.0281946 0.662825 -0.623005 -0.310495 -0.2759
1000006531.92 0.499339 -0.120767 -0.0194239 0.66261 -0.622938 -0.310706 -0.276329
1000006531.98 0.514513 -0.124568 -0.0120021 0.662635 -0.62291 -0.310735 -0.276301
1000006532.05 0.530446 -0.129835 -0.00534186 0.662809 -0.622924 -0.310629 -0.275969
1000006532.13 0.547334 -0.135691 0.000386202 0.662919 -0.622985 -0.310447 -0.275773
1000006532.18 0.560709 -0.135308 0.00366951 0.662889 -0.622951 -0.310575 -0.275779
1000006532.25 0.576605 -0.138428 0.00668813 0.662869 -0.622716 -0.311092 -0.275774
1000006532.32 0.592801 -0.140471 0.0084462 0.662534 -0.6222 -0.312351 -0.276321
1000006532.38 0.608541 -0.139728 0.00957216 0.662038 -0.621945 -0.313145 -0.277184
1000006532.45 0.626446 -0.140609 0.0113697 0.661572 -0.621884 -0.31348 -0.278053
1000006532.53 0.645966 -0.143322 0.013376 0.66097 -0.621435 -0.314758 -0.279043
1000006532.59 0.662748 -0.142041 0.0146172 0.66045 -0.62104 -0.315882 -0.279881
1000006532.65 0.681017 -0.142327 0.0158017 0.660484 -0.621216 -0.315685 -0.279632
1000006532.72 0.699082 -0.142382 0.0166601 0.660759 -0.621535 -0.315119 -0.278912
1000006532.78 0.715083 -0.140508 0.0172739 0.660779 -0.621608 -0.315099 -0.278725
1000006532.85 0.732554 -0.14083 0.0171971 0.66069 -0.621717 -0.314966 -0.278842
1000006532.92 0.749596 -0.140952 0.0166263 0.660809 -0.621962 -0.314516 -0.278521
1000006532.98 0.763769 -0.139134 0.0155832 0.660914 -0.621932 -0.314653 -0.278183
1000006533.05 0.779229 -0.138618 0.0140231 0.660896 -0.62212 -0.314391 -0.278103
1000006533.12 0.793605 -0.137407 0.0116385 0.660641 -0.621866 -0.315129 -0.278442
1000006533.18 0.80567 -0.134854 0.0094097 0.660465 -0.621845 -0.315344 -0.278662
1000006533.25 0.819307 -0.133697 0.0071605 0.660211 -0.621815 -0.315583 -0.279061
1000006533.32 0.832885 -0.132805 0.00436809 0.659755 -0.621799 -0.315808 -0.279919
1000006533.38 0.844553 -0.130446 0.00210583 0.659386 -0.621475 -0.316588 -0.280625
1000006533.45 0.857798 -0.129202 -0.000610524 0.659435 -0.621281 -0.31705 -0.28042
1000006533.52 0.871427 -0.128029 -0.0035935 0.659311 -0.621471 -0.316815 -0.280555
1000006533.59 0.88549 -0.126708 -0.00721469 0.658914 -0.621712 -0.316581 -0.281219
1000006533.65 0.898072 -0.124573 -0.0100227 0.658713 -0.621827 -0.316469 -0.28156
1000006533.71 0.910689 -0.122526 -0.012777 0.658503 -0.621954 -0.316362 -0.281891
1000006533.77 0.922482 -0.120504 -0.015265 0.65824 -0.621886 -0.316658 -0.282322
1000006533.85 0.938628 -0.12043 -0.0181082 0.657804 -0.621465 -0.317683 -0.283114
1000006533.91 0.950797 -0.118397 -0.0199822 0.657769 -0.621521 -0.317701 -0.28305
1000006533.98 0.964677 -0.117421 -0.0227724 0.657581 -0.621824 -0.317278 -0.283297
1000006534.05 0.978477 -0.117031 -0.0261057 0.657746 -0.622104 -0.316701 -0.282943
1000006534.12 0.991651 -0.116278 -0.0295542 0.657618 -0.622274 -0.31648 -0.283115
1000006534.18 1.00292 -0.114517 -0.0318075 0.657113 -0.621997 -0.317298 -0.28398
1000006534.25 1.01558 -0.113913 -0.0338473 0.65693 -0.622014 -0.317469 -0.284172
1000006534.31 1.02592 -0.112393 -0.0348125 0.656668 -0.621858 -0.317977 -0.284554
1000006534.38 1.03772 -0.111962 -0.0363855 0.656357 -0.621733 -0.318432 -0.285035
1000006534.45 1.0497 -0.111865 -0.0383949 0.656448 -0.62207 -0.317847 -0.284743
1000006534.51 1.06027 -0.110743 -0.0399652 0.656874 -0.622367 -0.317242 -0.283785
1000006534.58 1.07298 -0.110423 -0.0427144 0.656754 -0.622619 -0.316847 -0.28395
1000006534.65 1.0866 -0.109995 -0.0449301 0.656606 -0.623106 -0.316037 -0.284125
1000006534.72 1.10108 -0.109515 -0.0468992 0.656125 -0.623361 -0.315755 -0.284992
1000006534.79 1.11614 -0.109487 -0.0490399 0.65582 -0.6235 -0.315525 -0.285643
1000006534.85 1.12974 -0.108503 -0.0505119 0.655505 -0.62366 -0.315344 -0.286215
1000006534.92 1.14486 -0.108374 -0.0529072 0.655637 -0.623545 -0.31552 -0.285969
1000006534.98 1.15787 -0.107203 -0.0534835 0.655567 -0.623163 -0.316309 -0.286091
1000006535.06 1.17352 -0.107859 -0.055352 0.655115 -0.622506 -0.317815 -0.286886
1000006535.13 1.18722 -0.107578 -0.055673 0.654849 -0.622424 -0.318101 -0.287357
1000006535.18 1.19772 -0.105712 -0.0540748 0.654864 -0.622693 -0.317625 -0.287265
1000006535.25 1.21077 -0.105815 -0.0542384 0.655077 -0.622884 -0.31727 -0.286755
1000006535.32 1.22333 -0.105928 -0.0548381 0.655166 -0.622817 -0.317488 -0.286458
1000006535.38 1.23378 -0.104989 -0.0541988 0.655329 -0.622562 -0.318077 -0.285984
1000006535.45 1.24546 -0.105017 -0.0544756 0.655567 -0.622459 -0.318268 -0.285451
1000006535.52 1.25713 -0.105007 -0.0547879 0.655601 -0.622505 -0.31826 -0.285281
1000006535.59 1.26895 -0.105081 -0.0556278 0.655325 -0.622522 -0.318428 -0.285691
1000006535.65 1.27939 -0.104099 -0.0555818 0.655367 -0.622329 -0.318899 -0.28549
1000006535.72 1.29135 -0.103906 -0.0561197 0.65545 -0.621974 -0.319669 -0.28521
1000006535.79 1.30383 -0.103732 -0.0559908 0.655272 -0.621704 -0.320368 -0.285424
1000006535.85 1.31539 -0.102607 -0.0548221 0.654899 -0.621468 -0.321028 -0.286054
1000006535.92 1.32862 -0.102447 -0.0537994 0.654778 -0.62136 -0.321368 -0.286181
1000006535.99 1.34249 -0.10265 -0.0532009 0.654805 -0.621414 -0.32139 -0.285979
1000006536.05 1.35518 -0.101906 -0.0517965 0.654969 -0.62145 -0.321397 -0.285514
1000006536.13 1.37125 -0.102711 -0.0505405 0.654918 -0.621304 -0.321837 -0.285456
1000006536.19 1.38546 -0.102062 -0.0471265 0.65516 -0.621367 -0.321691 -0.284926
1000006536.27 1.40312 -0.102856 -0.0451649 0.654798 -0.621488 -0.321743 -0.285435
1000006536.32 1.41723 -0.101353 -0.0424277 0.654913 -0.621576 -0.321592 -0.28515
1000006536.39 1.43469 -0.101368 -0.0411035 0.655545 -0.621812 -0.321073 -0.283766
1000006536.46 1.45223 -0.101114 -0.0401716 0.655968 -0.621967 -0.320789 -0.282767
1000006536.52 1.46867 -0.0999155 -0.0391498 0.655458 -0.621776 -0.321435 -0.283636
1000006536.59 1.4871 -0.0993605 -0.0390962 0.6551 -0.62141 -0.322398 -0.28417
1000006536.66 1.50603 -0.0990681 -0.0391106 0.655031 -0.621042 -0.323185 -0.284241
1000006536.72 1.52329 -0.0978159 -0.0383983 0.654771 -0.62066 -0.324036 -0.284706
1000006536.79 1.54241 -0.0973209 -0.0376462 0.654414 -0.620319 -0.324867 -0.285321
1000006536.85 1.56232 -0.0968743 -0.0377029 0.653802 -0.620097 -0.325445 -0.286544
1000006536.91 1.5799 -0.0955156 -0.0367979 0.653477 -0.620151 -0.325447 -0.287167
1000006536.98 1.59943 -0.0955366 -0.0355684 0.653265 -0.619752 -0.326317 -0.287522
1000006537.05 1.61841 -0.0956237 -0.0342895 0.653176 -0.619582 -0.326684 -0.287674
1000006537.12 1.63674 -0.0956161 -0.0325641 0.652598 -0.619357 -0.327337 -0.288727
1000006537.18 1.65194 -0.0949548 -0.0299582 0.652934 -0.619327 -0.327283 -0.288093
1000006537.25 1.66877 -0.0954983 -0.0280902 0.653454 -0.619479 -0.326918 -0.286999
1000006537.31 1.6826 -0.0949578 -0.025838 0.653631 -0.619247 -0.327365 -0.286587
1000006537.38 1.69828 -0.0953266 -0.024242 0.653787 -0.618806 -0.328263 -0.286153
1000006537.45 1.71428 -0.0959073 -0.0228848 0.654288 -0.618757 -0.328232 -0.285149
1000006537.51 1.72827 -0.0950781 -0.0216706 0.654255 -0.618525 -0.328757 -0.285125
1000006537.58 1.745 -0.0951204 -0.0201512 0.654372 -0.618226 -0.32935 -0.284818
1000006537.65 1.76188 -0.0950446 -0.0186038 0.65429 -0.618087 -0.329712 -0.284891
1000006537.72 1.77912 -0.094918 -0.0169502 0.654145 -0.617666 -0.330645 -0.285058
1000006537.78 1.79413 -0.0940539 -0.0152165 0.653742 -0.617484 -0.331164 -0.285771
1000006537.85 1.81158 -0.0941979 -0.0136732 0.654109 -0.617354 -0.331407 -0.284927
1000006537.92 1.82889 -0.0943484 -0.0119061 0.654002 -0.617244 -0.331669 -0.285108
1000006537.98 1.84342 -0.0932356 -0.00970712 0.654023 -0.617362 -0.331491 -0.285012
1000006538.05 1.86082 -0.0932073 -0.00839638 0.653858 -0.617378 -0.331554 -0.285283
1000006538.13 1.88091 -0.0942112 -0.0080513 0.653965 -0.617249 -0.331803 -0.285026
1000006538.18 1.89252 -0.092038 -0.00621824 0.653975 -0.6171 -0.332175 -0.284894
1000006538.25 1.90982 -0.0920877 -0.00492721 0.654074 -0.616856 -0.332662 -0.284628
1000006538.32 1.92696 -0.0918381 -0.00315999 0.653759 -0.616703 -0.333072 -0.2852
1000006538.38 1.94147 -0.0907046 -0.000583059 0.653662 -0.616547 -0.333428 -0.285346
1000006538.45 1.95967 -0.0908976 0.00187573 0.65391 -0.616361 -0.333701 -0.284858
1000006538.52 1.97772 -0.0908229 0.00444246 0.654114 -0.616098 -0.334154 -0.284428
1000006538.59 1.99568 -0.0906149 0.00654168 0.654356 -0.615619 -0.33503 -0.283877
1000006538.65 2.01039 -0.089358 0.0096536 0.654663 -0.615366 -0.33543 -0.283245
1000006538.72 2.02799 -0.0891019 0.0124843 0.654958 -0.614996 -0.336064 -0.282613
1000006538.8 2.0475 -0.0895469 0.0141819 0.65482 -0.6145 -0.337119 -0.282756
1000006538.85 2.05689 -0.0875024 0.0165143 0.654785 -0.614431 -0.337225 -0.282861
1000006538.93 2.07352 -0.0877748 0.0187156 0.655142 -0.61406 -0.337937 -0.281987
1000006538.99 2.08237 -0.086528 0.0218286 0.655194 -0.613542 -0.338937 -0.281796
1000006539.05 2.08959 -0.0853519 0.0256811 0.65498 -0.613157 -0.339778 -0.282117
1000006539.13 2.10096 -0.086051 0.0295781 0.65493 -0.612775 -0.340553 -0.282131
1000006539.19 2.10589 -0.0853506 0.0350776 0.655431 -0.612675 -0.340596 -0.281129
1000006539.25 2.1104 -0.0853555 0.0424037 0.656208 -0.612944 -0.33978 -0.279715
1000006539.32 2.11694 -0.086308 0.052137 0.65708 -0.613395 -0.338583 -0.278127
1000006539.39 2.12299 -0.0870963 0.0627097 0.65795 -0.613584 -0.33794 -0.276428
1000006539.45 2.1246 -0.0861279 0.0734937 0.659679 -0.614758 -0.335157 -0.273067
1000006539.52 2.12895 -0.0874022 0.0808806 0.662277 -0.616999 -0.329889 -0.268094
1000006539.59 2.13225 -0.0896476 0.0842762 0.664447 -0.618333 -0.326329 -0.263977
1000006539.65 2.13193 -0.0924618 0.0843645 0.6653 -0.619692 -0.324119 -0.261351
1000006539.72 2.13373 -0.0970514 0.0824337 0.665293 -0.622583 -0.321091 -0.258218
1000006539.79 2.13563 -0.1026 0.0785402 0.664054 -0.623396 -0.320468 -0.260211
1000006539.86 2.13752 -0.110039 0.073939 0.66262 -0.622851 -0.322773 -0.262313
1000006539.92 2.13713 -0.119586 0.0693276 0.661677 -0.621986 -0.325547 -0.263318
1000006539.99 2.13894 -0.130473 0.065129 0.660491 -0.621759 -0.327873 -0.263944
1000006540.06 2.1414 -0.142653 0.0610341 0.659883 -0.622135 -0.328218 -0.264151
1000006540.14 2.14553 -0.15588 0.0564105 0.660839 -0.622905 -0.325865 -0.262857
1000006540.19 2.14409 -0.170622 0.0501377 0.662115 -0.621736 -0.325344 -0.263058
1000006540.26 2.14738 -0.187769 0.045097 0.662643 -0.621334 -0.325487 -0.2625
1000006540.32 2.14955 -0.20685 0.0394538 0.662799 -0.621413 -0.325802 -0.261525
1000006540.39 2.1544 -0.229124 0.0340476 0.663413 -0.620627 -0.326136 -0.26142
1000006540.46 2.15939 -0.252656 0.0274775 0.664254 -0.618841 -0.328024 -0.261155
1000006540.52 2.16144 -0.277283 0.0206675 0.664674 -0.617078 -0.331012 -0.260489
1000006540.59 2.16589 -0.304646 0.0134856 0.665738 -0.614436 -0.333878 -0.260357
1000006540.66 2.16949 -0.331916 0.0064533 0.666523 -0.612606 -0.335741 -0.260267
1000006540.73 2.17261 -0.359398 -0.00107529 0.66608 -0.612507 -0.336529 -0.260616
1000006540.79 2.17311 -0.385491 -0.00886589 0.665642 -0.614113 -0.335297 -0.259542
1000006540.86 2.17567 -0.413406 -0.0169779 0.665719 -0.614484 -0.335124 -0.25869
1000006540.93 2.17924 -0.443846 -0.0249006 0.664778 -0.615064 -0.336565 -0.257858
1000006540.99 2.1817 -0.47341 -0.0306204 0.663801 -0.61594 -0.337339 -0.257272
1000006541.06 2.1872 -0.506374 -0.03358 0.664109 -0.615787 -0.337855 -0.256162
1000006541.12 2.19345 -0.541313 -0.0350173 0.665815 -0.614527 -0.33703 -0.255847
1000006541.18 2.19868 -0.577033 -0.0373261 0.66765 -0.613166 -0.336046 -0.255626
1000006541.25 2.20707 -0.615688 -0.0393426 0.669304 -0.611495 -0.336785 -0.254326
1000006541.32 2.21571 -0.65401 -0.0432643 0.671945 -0.609095 -0.337803 -0.251759
1000006541.38 2.22096 -0.688259 -0.04825 0.674021 -0.607027 -0.338172 -0.250707
1000006541.45 2.22908 -0.723274 -0.0523796 0.676106 -0.604826 -0.337341 -0.251529
1000006541.52 2.23694 -0.755995 -0.0567782 0.677496 -0.604107 -0.336222 -0.251016
1000006541.58 2.24119 -0.785459 -0.0615293 0.678035 -0.603669 -0.335678 -0.251342
1000006541.65 2.24848 -0.817016 -0.0658621 0.677428 -0.604325 -0.335803 -0.251234
1000006541.72 2.25433 -0.847489 -0.0703482 0.676371 -0.605626 -0.336597 -0.249884
1000006541.79 2.25925 -0.877401 -0.0757196 0.675797 -0.60586 -0.337425 -0.249751
1000006541.85 2.25994 -0.904033 -0.0814035 0.675444 -0.605262 -0.338911 -0.250144
1000006541.92 2.26295 -0.932372 -0.086789 0.675384 -0.605397 -0.339314 -0.249433
1000006541.99 2.26477 -0.96018 -0.0920423 0.675236 -0.605038 -0.340042 -0.249713
1000006542.05 2.26294 -0.9842 -0.0983257 0.674747 -0.604754 -0.340708 -0.250811
1000006542.13 2.26712 -1.01314 -0.10647 0.674357 -0.605496 -0.340955 -0.249732
1000006542.19 2.26469 -1.0361 -0.114096 0.673921 -0.605646 -0.341961 -0.249172
1000006542.25 2.26138 -1.05917 -0.121142 0.674052 -0.605954 -0.342052 -0.24794
1000006542.32 2.26258 -1.0864 -0.130393 0.673903 -0.60672 -0.341509 -0.247218
1000006542.39 2.26454 -1.11371 -0.140553 0.673523 -0.607921 -0.340412 -0.246817
1000006542.45 2.26279 -1.13782 -0.151423 0.673311 -0.608653 -0.340049 -0.246091
1000006542.52 2.26476 -1.16387 -0.164105 0.673149 -0.608064 -0.341053 -0.2466
1000006542.59 2.26601 -1.18905 -0.176 0.673498 -0.606284 -0.341892 -0.248859
1000006542.65 2.26296 -1.21142 -0.185699 0.67315 -0.605094 -0.343537 -0.250426
1000006542.72 2.26384 -1.23779 -0.195733 0.671273 -0.604912 -0.345649 -0.252983
1000006542.79 2.26423 -1.26478 -0.204927 0.669323 -0.604962 -0.347712 -0.255193
1000006542.86 2.26222 -1.2905 -0.213185 0.667818 -0.604857 -0.350209 -0.25597
1000006542.92 2.25503 -1.31234 -0.219823 0.667466 -0.603384 -0.352481 -0.257243
1000006542.99 2.25041 -1.33563 -0.227755 0.667554 -0.601222 -0.354762 -0.258936
1000006543.06 2.24455 -1.35731 -0.234796 0.667966 -0.598765 -0.356822 -0.260731
1000006543.13 2.23705 -1.37726 -0.241425 0.668239 -0.598133 -0.356967 -0.261281
1000006543.19 2.22467 -1.39484 -0.24508 0.668385 -0.597932 -0.357141 -0.261131
1000006543.26 2.2142 -1.41377 -0.250797 0.669139 -0.598021 -0.356315 -0.260121
1000006543.33 2.20282 -1.43142 -0.257025 0.669682 -0.597788 -0.355965 -0.25974
1000006543.4 2.19035 -1.44744 -0.263434 0.670365 -0.597046 -0.355622 -0.260154
1000006543.47 2.17615 -1.46106 -0.269228 0.670639 -0.596108 -0.356025 -0.261044
1000006543.53 2.15802 -1.47078 -0.273668 0.670678 -0.595125 -0.356583 -0.262423
1000006543.6 2.14139 -1.4826 -0.279332 0.670816 -0.594301 -0.356717 -0.263753
1000006543.67 2.12312 -1.49306 -0.284367 0.670782 -0.594413 -0.355791 -0.264834
1000006543.73 2.10161 -1.49868 -0.288067 0.670826 -0.594648 -0.354725 -0.265625
1000006543.8 2.0813 -1.50526 -0.294334 0.671159 -0.594225 -0.35399 -0.266709
1000006543.87 2.05862 -1.51101 -0.300854 0.672025 -0.593399 -0.353343 -0.267224
1000006543.94 2.03429 -1.51647 -0.307412 0.672065 -0.593431 -0.352973 -0.267542
1000006544 2.00806 -1.51856 -0.312296 0.671617 -0.594141 -0.35205 -0.268306
1000006544.06 1.98122 -1.51988 -0.318011 0.671226 -0.595354 -0.350487 -0.26864
1000006544.13 1.95317 -1.52283 -0.325711 0.671098 -0.596188 -0.349057 -0.268971
1000006544.19 1.92298 -1.52395 -0.331669 0.671017 -0.596652 -0.347831 -0.269734
1000006544.26 1.89186 -1.52675 -0.340161 0.670617 -0.596844 -0.346729 -0.271716
1000006544.33 1.86003 -1.52747 -0.348658 0.670442 -0.597105 -0.345441 -0.27321
1000006544.39 1.82666 -1.52681 -0.353117 0.670667 -0.597575 -0.343426 -0.274167
1000006544.46 1.79168 -1.52675 -0.359759 0.670919 -0.5978 -0.340964 -0.276127
1000006544.53 1.75556 -1.5255 -0.366432 0.67117 -0.598365 -0.338603 -0.277199
1000006544.59 1.72105 -1.52226 -0.370502 0.671019 -0.598811 -0.337306 -0.278181
1000006544.66 1.68437 -1.51953 -0.376738 0.670851 -0.599502 -0.335763 -0.27896
1000006544.73 1.64792 -1.5166 -0.383142 0.670633 -0.599733 -0.334647 -0.280325
1000006544.8 1.61119 -1.51282 -0.38895 0.670426 -0.600255 -0.333655 -0.280886
1000006544.86 1.57818 -1.5075 -0.392182 0.670602 -0.600151 -0.332479 -0.282081
1000006544.93 1.54109 -1.50217 -0.397175 0.670802 -0.600283 -0.330486 -0.283662
1000006545 1.50351 -1.49808 -0.402304 0.670499 -0.600266 -0.32945 -0.285612
1000006545.06 1.47149 -1.49336 -0.405407 0.670064 -0.600791 -0.328491 -0.286632
1000006545.13 1.43452 -1.48786 -0.410302 0.669418 -0.60172 -0.327367 -0.287479
1000006545.2 1.398 -1.48244 -0.41527 0.668627 -0.603105 -0.325835 -0.288157
1000006545.26 1.36192 -1.47566 -0.41992 0.668369 -0.603466 -0.324902 -0.289052
1000006545.33 1.32596 -1.46948 -0.424386 0.668001 -0.603734 -0.324224 -0.2901
1000006545.39 1.29632 -1.46309 -0.426009 0.667101 -0.604563 -0.3236 -0.29114
1000006545.46 1.26015 -1.45718 -0.430363 0.666064 -0.605792 -0.322861 -0.291779
1000006545.53 1.22242 -1.45112 -0.434559 0.665353 -0.606202 -0.323009 -0.292385
1000006545.6 1.18418 -1.44504 -0.438358 0.664861 -0.606382 -0.322725 -0.293445
1000006545.66 1.15481 -1.4398 -0.440538 0.66438 -0.606852 -0.321881 -0.294487
1000006545.73 1.11757 -1.4332 -0.443812 0.663611 -0.607613 -0.321172 -0.295425
1000006545.8 1.08024 -1.42665 -0.446852 0.662833 -0.608427 -0.32044 -0.29629
1000006545.86 1.05205 -1.4223 -0.447119 0.662088 -0.609041 -0.319571 -0.29763
1000006545.94 1.00845 -1.41484 -0.450736 0.661204 -0.609831 -0.31852 -0.299098
1000006546 0.981036 -1.41049 -0.449888 0.660882 -0.610073 -0.31765 -0.30024
1000006546.06 0.95316 -1.40525 -0.448776 0.660591 -0.610057 -0.317298 -0.301283
1000006546.13 0.916628 -1.39968 -0.449529 0.660599 -0.609731 -0.31706 -0.302176
1000006546.2 0.881545 -1.3948 -0.450733 0.660483 -0.60977 -0.315871 -0.303593
1000006546.26 0.857798 -1.39158 -0.449354 0.659896 -0.610563 -0.314409 -0.304791
1000006546.33 0.825243 -1.38682 -0.449452 0.659872 -0.610376 -0.313425 -0.306227
1000006546.4 0.793071 -1.38216 -0.448353 0.659824 -0.610176 -0.311451 -0.308732
1000006546.46 0.772189 -1.37964 -0.44514 0.659654 -0.609601 -0.31028 -0.3114
1000006546.53 0.741458 -1.3771 -0.443489 0.658932 -0.609961 -0.309896 -0.312604
1000006546.61 0.702694 -1.37327 -0.443885 0.658246 -0.610412 -0.309852 -0.313212
1000006546.66 0.69118 -1.3737 -0.44109 0.658244 -0.610371 -0.309328 -0.313812
1000006546.73 0.66012 -1.37141 -0.442648 0.658557 -0.610049 -0.308552 -0.314545
1000006546.79 0.641027 -1.37115 -0.441904 0.658386 -0.609868 -0.307592 -0.31619
1000006546.86 0.612493 -1.36918 -0.44301 0.65775 -0.610104 -0.305878 -0.318711
1000006546.93 0.583856 -1.36807 -0.4432 0.657422 -0.610025 -0.304031 -0.321296
1000006546.99 0.566458 -1.36772 -0.441311 0.657489 -0.610358 -0.302112 -0.322336
1000006547.06 0.539383 -1.36625 -0.440456 0.657239 -0.610709 -0.301105 -0.323121
1000006547.13 0.513629 -1.36473 -0.439819 0.656796 -0.611337 -0.301 -0.322932
1000006547.19 0.499385 -1.36495 -0.436879 0.656247 -0.611693 -0.300609 -0.323737
1000006547.26 0.475327 -1.36394 -0.435851 0.655564 -0.612194 -0.299941 -0.324791
1000006547.33 0.452061 -1.36319 -0.435624 0.654863 -0.612909 -0.299989 -0.324812
1000006547.39 0.440622 -1.36397 -0.433542 0.654702 -0.612514 -0.300369 -0.325531
